57896044618658097711785492504343953926634992332820282019728792003956564819949
37095705934669439343138083508754565189542113879843219016388785533085940283555
7237005577332262213973186563042994240857116359379907606001950938285454250989
15112221349535400772501151409588531511454012693041857206046113283949847762202
46316835694926478169428394003475163141307993866256225615783033603165251855960
12406014605023106526211840098714561065438616787513134868204714063406604417958
44514377007539451929302521465208613071134515956922975786636150205265439537019
3141592
54062143220006830396230191148146364535673653604393196814745457817843738690189
14869274265434567318528718436772510029030358917462375480015782799020218574107
-1
